
2063872111
-315534521
-1443343135
289842538
787058814
457255279
-1330579026
-1157243558
-1280283306
-1304429726
520963971
1753286966
1885917402
572313133
-1204429284
-537235494
-1880703663
474631909
-433447087
807465799
-273860927
1089829590
-1207710676
-991366819
-1945221777
1100795928
1154585152
1159169658
-1002474910
-89429073
1159909470
1253897344
-1908693993
-1382248721
-1631661841
-56399151
290060231
262049245
1209833922
1614385074
1528031726
784296499
-1521918119
-1918041138
1977190159
1894577095
1597035661
-568544739
561464029
1717671935
38085642
1287570746
195676007
1031978343
-37930265
-558495269
-401484871
-1506661185
1006559631
824584707
-2133535476
156685199
1926273328
-511673202
714357888
1877591739
1738080425
-1811719889
138415272
39800466
1146316286
-1179509645
1936240003
1520091186
1870242899
-2121337642
1730420419
-489364789
772818029
983077908
334911832
1314939688
361496924
815000538
1995749773
709345640
1847542154
2029206546
-870760910
-353865460
-65794751
147186569
942749485
1235155482
-456011311
-1738260563
-1442233148
1003666878
-850028691
1777330582
-27039588
-2036197391
64739980
954569299
-490747919
1856572686
-453357495
47918451
-35229145
1432203989
775456875
-1469420085
620073914
1502393673
499191393
-1509667830
-115054344
1267597101
-1908749443
-562342187
89136311
-1983216871
1383096206
1670629553
1001327976
-191115156
-323615913
235339917
-1233198696
231107259
-616388201
-1632977416
308069761
1062656298
-478285631
1710089739
-1400379734
1364919011
1724019833
317283644
968646846
-370477630
2047077165
2006749239
-1180460631
1875734571
439046628
-1267347140
-879378938
